Scene: Untitled
Entities:
  - Entity: 10674962778345609379
    TagComponent:
      Tag: Light
    TransformComponent:
      Translation: [-5, 0, 0]
      Rotation: [0, 0, 0]
      Scale: [1, 1, 1]
    SpotLightComponent:
      Direction: [1, 0, 0]
      Ambient: [0.200000003, 0.200000003, 0.200000003]
      Diffuse: [0.5, 0.5, 0.5]
      Specular: [1, 1, 1]
      CutOffAngle: 0.5
      ConstantCoefficient: 1
      LinearCoefficient: 0.0900000036
      QuadraticCoefficient: 0.0320000015
